00000000000000000000000000000000000000000000000011111100000000000000000000000000000000000000000000000000000000000000000000000000
00000000000000000000000000000000000000000000000100000110000000000000000000000000000000000000000000000000000000000000000000000000
00000000000000000000000000000000000000000000011101000011000000000000000000000000000000000000000000000000000000000000000000000000
00000000000000000000000000000000000000000000110100000001100000000000000000000000000000000000000000000000000000000000000000000000
00000000000000000000000000000000000000000001000010000000100000000000000000000000000000000000000000000000000000000000000000000000
00000000000000000000000000000000000000000010011111111100010000000000000000000000000000000000000000000000000000000000000000000000
00000000000000000000000000000000000000000011110000000110010000000000000000000000000000000000000000000000000000000000000000000000
00000000000000000000000000000000000000000000000000000011001000000000000000000000000000000000000000000000000000000000000000000000
00000000000000000000000000000000000000000000000000000001001000000000000000000000000000000000000000000000000000000000000000000000
00000000000000000000000000000000000000000000000000000001100100000000000000000000000000000000000000000000000000000000000000000000
00000000000000000000000000000000000000000000000000000000100100000000000000000000000000000000000000000000000000000000000000000000
00000000000000000000000000000000000000000000000000000000110010000000000000000000000000000000000000000000000000000000000000000000
00000000000000000000000000000000000000000000000000000000010010000000000000000000000000000000000000000000000000000000000000000000
00000000000000000000000000000000000000000000000000000000010001000000000000000000000000000000000000000000000000000000000000000000
00000000000000000000000000000000000000000000000000000000001001000000000000000000000000000000000000000000000000000000000000000000
00000000000000000000000000000000000000000000000000000000001000100000000000000000000000000000000000000000000000000000000000000000
00000000000000000000000000000000000000000000000000000000000100100000000000000000000000000000000000000000000000000000000000000000
00000000000000000000000000000000000000000000000000000000000100010000000000000000000000000000000000000000000000000000000000000000
00000000000000000000000000000000000000000000000000000000000100001000000000000000000000000000000000000000000000000000000000000000
00000000000000000000000000000000000000000000000000000000000010001000000000000000000000000000000000000000000000000000000000000000
00000000000000000000000000000000000000000000000000000000000010000100000000000000000000000000000000000000000000000000000000000000
00000000000000000000000000000000000000000000000000000000000010000010000000000000000000000000000000000000000000000000000000000000
00000000000000000000000000000000000000000000000000000000000010000010000000000000000000000000000000000000000000000000000000000000
00000000000000000000000000000000000000000000000000000000000010000001000000000000000000000000000000000000000000000000000000000000
00000000000000000000000000000000000000000000000000000000000010000000100000000000000000000000000000000000000000000000000000000000
00000000000000000000000000000000000000000000000000000000000010000000100000000000000000000000000000000000000000000000000000000000
00000000000000000000000000000000000000000000000000000000000010000000010000000000000000000000000000000000000000000000000000000000
00000000000000000000000000000000000000000000000000000000000010000000001000000000000000000000000000000000000000000000000000000000
00000000000000000000000000000000000000000000000000000000000010000000001000000000000000000000000000000000000000000000000000000000
00000000000000000000000000000000000000000000000000000000000010000000000100000000000000000000000000000000000000000000000000000000
00000000000000000000000000000000000000000000000000000000000010000000000010000000000000000000000000000000000000000000000000000000
00000000000000000000000000000000000000000000000000000000000010000000000010000000000000000000000000000000000000000000000000000000
00000000000000000000000000000000000000000000000000000000000010000000000001000000000000000000000000000000000000000000000000000000
00000000000000000000000000000000000000000000000000000000000001000000000001000000000000000000000000000000000000000000000000000000
00000000000000000000000000000000000000000000000000000000000001000000000001000000000000000000000000000000000000000000000000000000
00000000000000000000000000000000000000000000000000000000000001000000000000100000000000000000000000000000000000000000000000000000
00000000000000000000000000000000000000000000000000000000000001000000000000100000000000000000000000000000000000000000000000000000
00000000000000000000000000000000000000000000000000000000000001000000000000100000000000000000000000000000000000000000000000000000
00000000000000000000000000000000000000000000000000000000000000100000000000010000000000000000000000000000000000000000000000000000
00000000000000000000000000000000000000000000000000000000000000100000001000010000000000000000000000000000000000000000000000000000
00000000000000000000000000000000000000000000000000000000000000100000000100001000000000000000000000000000000000000000000000000000
00000000000000000000000000000000000000000000000000000000000000010000000010001000000000000000000000000000000000000000000000000000
00000000000000000000000000000000000000000000000000000000000000010000000010000100000000000000000000000000000000000000000000000000
00000000000000000000000000000000000000000000000000000000000000001000000001000110000000000000000000000000000000000000000000000000
00000000000000000000000000000000000000000000000000000000000000001000000000100011000000000000000000000000000000000000000000000000
00000000000000000000000000000000000000000000000000000000000000001000000000110000110000000000000000000000000000000000000000000000
00000000000000000000000000000000000000000000000000000000000000000100000000101110100000000000000000000000000000000000000000000000
00000000000000000000000000000000000000000000000000000000000000000100000001000000111100000000000000000000000000000000000000000000
00000000000000000000000000000000000000000000000000000000000000000100000001000000000110000000000000000000000000000000000000000000
00000000000000000000000000000000000000000000000000000000000000000100000010000000000010000000000000000000000000000000000000000000
00000000000000000000000000000000000000000000000000000000000000000100000000000000000110000000000000000000000000000000000000000000
00000000000000000000000000000000000000000000000000000000000000000010000100000000011100000000000000000000000000000000000000000000
00000000000000000000000000000000000000000000000000000000000000000010001100000000110000000000000000000000000000000000000000000000
00000000000000000000000000000000000000000000000000000000000000000010011000000001100000000000000000000000000000000000000000000000
00000000000000000000000000000000000000000000000000000000000000000110100111000011000000000000000000000000000000000000000000000000
00000000000000000000000000000000000000000000000000000000000000000101000011111110000000000000000000000000000000000000000000000000
00000000000000000000000000000000000000000000000000000000000000000101000000101000000000000000000000000000000000000000000000000000
00000000000000000000000000000000000000000000000000000000000000001010000000010100000000000000000000000000000000000000000000000000
00000000000000000000000000000000000000000000000000000000000000001100000000010110000000000000000000000000000000000000000000000000
00000000000000000000000000000000000000000000000000000000011000010100000000001010000000000000000000000000000000000000000000000000
00000000000000000000000000000000000000000000000000000000100111110100000000001010000000000000000000000000000000000000000000000000
00000000000000000000000000000000000000000000000000000000110000101100000011110110000000000000000000000000000000000000000000000000
00000000000000000000000000000000000000000000000000000000011111111000000100001010000000000000000000000000000000000000000000000000
00000000000000000000000000000000000000000000000000000000000000000000000111111110000000000000000000000000000000000000000000000000